0 0.10859374701976776 0.04976851865649223 0.01979166641831398 0.06898148357868195
0 0.14869791269302368 0.07939814776182175 0.02083333395421505 0.05601852014660835
0 0.15455728769302368 0.1335648149251938 0.0325520820915699 0.032870370894670486
0 0.17408853769302368 0.17291666567325592 0.03932291641831398 0.030092593282461166
0 0.22044271230697632 0.07314814627170563 0.01692708395421505 0.05833333358168602
0 0.23684896528720856 0.06898148357868195 0.01588541641831398 0.06481481343507767
0 0.2786458432674408 0.06458333134651184 0.01614583283662796 0.06157407537102699
0 0.2977864444255829 0.07152777910232544 0.01536458358168602 0.06435184925794601
0 0.3235677182674408 0.07523148506879807 0.01536458358168602 0.05509259179234505
0 0.36328125 0.07800926268100739 0.01614583283662796 0.06064814701676369
0 0.380859375 0.07824073731899261 0.014322916977107525 0.05370370298624039
0 0.40156251192092896 0.07592592388391495 0.014583333395421505 0.05277777835726738
0 0.4190104305744171 0.07754629850387573 0.014583333395421505 0.06064814701676369
0 0.4378906190395355 0.07523148506879807 0.01536458358168602 0.05879629775881767
0 0.45039063692092896 0.07361111044883728 0.02994791604578495 0.06203703582286835
0 0.49270832538604736 0.08310185372829437 0.01718750037252903 0.06064814701676369
0 0.5158854126930237 0.07800926268100739 0.015625 0.05879629775881767
0 0.536328136920929 0.08819444477558136 0.01796874962747097 0.0634259283542633
0 0.557421863079071 0.0824074074625969 0.01640624925494194 0.051851850003004074
0 0.5911458134651184 0.07013888657093048 0.015104166232049465 0.05787036940455437
0 0.6100260615348816 0.07754629850387573 0.01588541641831398 0.06157407537102699
0 0.6283854246139526 0.10254629701375961 0.01614583283662796 0.05787036940455437
0 0.6481770873069763 0.08726851642131805 0.01614583283662796 0.05879629775881767
0 0.6688802242279053 0.09166666865348816 0.01536458358168602 0.07129629701375961
0 0.686328113079071 0.09398148208856583 0.014843749813735485 0.05648148059844971
0 0.705859363079071 0.09583333134651184 0.014322916977107525 0.06018518656492233
0 0.7225260138511658 0.10000000149011612 0.014322916977107525 0.05925925821065903
0 0.7415364384651184 0.09143518656492233 0.014843749813735485 0.04675925895571709
0 0.7591145634651184 0.08819444477558136 0.015104166232049465 0.05879629775881767
0 0.7802083492279053 0.09930555522441864 0.02031249925494194 0.06898148357868195
0 0.7947916388511658 0.09837962687015533 0.013020833022892475 0.0634259283542633
0 0.9643229246139526 0.2780092656612396 0.03333333507180214 0.12546296417713165
0 0.9454427361488342 0.29050925374031067 0.02786458283662796 0.09675925970077515
0 0.8233072757720947 0.31805557012557983 0.014843749813735485 0.05092592537403107
0 0.7613281011581421 0.31296294927597046 0.014843749813735485 0.06296296417713165
0 0.7423177361488342 0.2541666626930237 0.01536458358168602 0.05740740895271301
0 0.7052083611488342 0.31736111640930176 0.015104166232049465 0.05601852014660835
0 0.7052083611488342 0.2525463104248047 0.01614583283662796 0.05879629775881767
0 0.6869791746139526 0.25046294927597046 0.014583333395421505 0.05833333358168602
0 0.6884114742279053 0.3168981373310089 0.01536458358168602 0.05787036940455437
0 0.6688802242279053 0.24861110746860504 0.01536458358168602 0.06111111119389534
0 0.6714843511581421 0.317592591047287 0.01380208320915699 0.05277777835726738
0 0.6490885615348816 0.31712964177131653 0.014843749813735485 0.05092592537403107
0 0.6502603888511658 0.24537037312984467 0.015104166232049465 0.06018518656492233
0 0.6321614384651184 0.24537037312984467 0.014843749813735485 0.06018518656492233
0 0.6303385496139526 0.3141203820705414 0.014322916977107525 0.05879629775881767
0 0.6136718988418579 0.30856481194496155 0.014843749813735485 0.0625
0 0.6106770634651184 0.24328704178333282 0.01666666753590107 0.05601852014660835
0 0.6126301884651184 0.47361111640930176 0.014843749813735485 0.06111111119389534
0 0.6097656488418579 0.5476852059364319 0.01536458358168602 0.06018518656492233
0 0.630859375 0.5449073910713196 0.014843749813735485 0.06018518656492233
0 0.6317708492279053 0.4740740656852722 0.014583333395421505 0.05462963134050369
0 0.6505208611488342 0.47268518805503845 0.015625 0.0555555559694767
0 0.6704427003860474 0.4763889014720917 0.014322916977107525 0.06481481343507767
0 0.688281238079071 0.4740740656852722 0.01614583283662796 0.06388889253139496
0 0.7084635496139526 0.47523146867752075 0.014843749813735485 0.05972222238779068
0 0.7457031011581421 0.5530092716217041 0.01380208320915699 0.04953703656792641
0 0.7657552361488342 0.47546297311782837 0.014843749813735485 0.05277777835726738
0 0.7977864742279053 0.4807870388031006 0.01588541641831398 0.06157407537102699
0 0.6696614623069763 0.7798610925674438 0.01536458358168602 0.05787036940455437
0 0.6141927242279053 0.7106481194496155 0.01588541641831398 0.06388889253139496
0 0.6488281488418579 0.9282407164573669 0.01692708395421505 0.06111111119389534
0 0.6858072876930237 0.9282407164573669 0.014843749813735485 0.06203703582286835
0 0.7236979007720947 0.9280092716217041 0.015104166232049465 0.06064814701676369
0 0.5368489623069763 0.9349536895751953 0.01640624925494194 0.06527777761220932
0 0.4807291626930237 0.9365741014480591 0.01666666753590107 0.06481481343507767
0 0.41874998807907104 0.949999988079071 0.015625 0.07129629701375961
0 0.3804687559604645 0.9363425970077515 0.01666666753590107 0.06527777761220932
0 0.34062498807907104 0.9333333373069763 0.01875000074505806 0.06574074178934097
0 0.30000001192092896 0.9305555820465088 0.015625 0.06481481343507767
0 0.26028645038604736 0.935879647731781 0.01640624925494194 0.06620370596647263
0 0.24101562798023224 0.935879647731781 0.01588541641831398 0.05509259179234505
0 0.22291666269302368 0.9349536895751953 0.01666666753590107 0.0634259283542633
0 0.20351561903953552 0.9361110925674438 0.01692708395421505 0.05833333358168602
0 0.18372395634651184 0.9530092477798462 0.01901041716337204 0.09305555373430252
0 0.16236978769302368 0.9386574029922485 0.01536458358168602 0.06064814701676369
0 0.14309896528720856 0.9372684955596924 0.01744791679084301 0.06157407537102699
0 0.12473957985639572 0.9354166388511658 0.01770833320915699 0.06064814701676369
0 0.1048177108168602 0.9337962865829468 0.01796874962747097 0.06388889253139496
0 0.08489583432674408 0.9361110925674438 0.01927083358168602 0.06203703582286835
0 0.06276042014360428 0.9298611283302307 0.02083333395421505 0.06898148357868195
0 0.06536458432674408 0.7634259462356567 0.01875000074505806 0.06296296417713165
0 0.06744791567325592 0.6944444179534912 0.015625 0.06018518656492233
0 0.08411458134651184 0.6942129731178284 0.01927083358168602 0.06805555522441864
0 0.08541666716337204 0.7652778029441833 0.01666666753590107 0.06296296417713165
0 0.10312499850988388 0.7689814567565918 0.01770833320915699 0.06296296417713165
0 0.10429687798023224 0.6988425850868225 0.01744791679084301 0.05879629775881767
0 0.12513020634651184 0.7018518447875977 0.01692708395421505 0.06111111119389534
0 0.12513020634651184 0.770370364189148 0.01848958246409893 0.06296296417713165
0 0.14505209028720856 0.7671296000480652 0.01614583283662796 0.06018518656492233
0 0.1438802033662796 0.6962962746620178 0.01796874962747097 0.06203703582286835
0 0.16432291269302368 0.6986111402511597 0.01718750037252903 0.06203703582286835
0 0.16302083432674408 0.7701388597488403 0.01718750037252903 0.0634259283542633
0 0.18385416269302368 0.7696759104728699 0.01822916604578495 0.0625
0 0.18437500298023224 0.6928240656852722 0.01875000074505806 0.05972222238779068
0 0.20468750596046448 0.699305534362793 0.01614583283662796 0.0634259283542633
0 0.22239583730697632 0.7729166746139526 0.01718750037252903 0.06157407537102699
0 0.22213540971279144 0.699999988079071 0.015104166232049465 0.06388889253139496
0 0.240234375 0.7004629373550415 0.01536458358168602 0.06481481343507767
0 0.2606770694255829 0.7775462865829468 0.01666666753590107 0.06064814701676369
0 0.26158854365348816 0.7030092477798462 0.01692708395421505 0.05879629775881767
0 0.28177082538604736 0.6939814686775208 0.01666666753590107 0.06203703582286835
0 0.28268229961395264 0.7752314805984497 0.01692708395421505 0.06157407537102699
0 0.30221354961395264 0.7738425731658936 0.014843749813735485 0.05694444477558136
0 0.3023437559604645 0.7032407522201538 0.014583333395421505 0.05462963134050369
0 0.3207031190395355 0.7046296000480652 0.014843749813735485 0.05925925821065903
0 0.3220052123069763 0.7752314805984497 0.01588541641831398 0.05972222238779068
0 0.3414062559604645 0.7034721970558167 0.01614583283662796 0.05972222238779068
0 0.35989582538604736 0.7747685313224792 0.01614583283662796 0.06527777761220932
0 0.36080729961395264 0.706250011920929 0.01640624925494194 0.05787036940455437
0 0.3804687559604645 0.7025462985038757 0.01406249962747097 0.06527777761220932
0 0.40117186307907104 0.7018518447875977 0.01536458358168602 0.06296296417713165
0 0.42239582538604736 0.7800925970077515 0.014583333395421505 0.05833333358168602
0 0.42070311307907104 0.7057870626449585 0.01640624925494194 0.0625
0 0.43867188692092896 0.7048611044883728 0.014843749813735485 0.0634259283542633
0 0.46276041865348816 0.7770833373069763 0.015104166232049465 0.0625
0 0.46145832538604736 0.7013888955116272 0.015625 0.06574074178934097
0 0.48124998807907104 0.7018518447875977 0.01614583283662796 0.06481481343507767
0 0.48098957538604736 0.7773148417472839 0.01718750037252903 0.06574074178934097
0 0.5016927123069763 0.7770833373069763 0.01536458358168602 0.06620370596647263
0 0.520703136920929 0.7775462865829468 0.01536458358168602 0.0625
0 0.5419270992279053 0.550000011920929 0.01614583283662796 0.06111111119389534
0 0.5423176884651184 0.47615739703178406 0.01536458358168602 0.05694444477558136
0 0.5210937261581421 0.47013887763023376 0.015104166232049465 0.05972222238779068
0 0.5227864384651184 0.5347222089767456 0.014843749813735485 0.06851851940155029
0 0.5006510615348816 0.5444444417953491 0.01536458358168602 0.06296296417713165
0 0.5009114742279053 0.46990740299224854 0.014322916977107525 0.06296296417713165
0 0.4813801944255829 0.4694444537162781 0.01536458358168602 0.06111111119389534
0 0.4817708432674408 0.543055534362793 0.015104166232049465 0.05925925821065903
0 0.4615885317325592 0.5356481671333313 0.01536458358168602 0.06018518656492233
0 0.46302083134651184 0.4719907343387604 0.013020833022892475 0.05601852014660835
0 0.4427083432674408 0.46898147463798523 0.01354166679084301 0.05925925821065903
0 0.44127604365348816 0.5402777791023254 0.01380208320915699 0.05925925821065903
0 0.4221354126930237 0.5384259223937988 0.015104166232049465 0.06018518656492233
0 0.40286457538604736 0.5386574268341064 0.015104166232049465 0.05972222238779068
0 0.4029947817325592 0.46643519401550293 0.01588541641831398 0.06064814701676369
0 0.3825520873069763 0.46898147463798523 0.01770833320915699 0.06111111119389534
0 0.3824218809604645 0.5388888716697693 0.01692708395421505 0.06574074178934097
0 0.3619791567325592 0.5381944179534912 0.015104166232049465 0.06620370596647263
0 0.3609375059604645 0.46736112236976624 0.015104166232049465 0.0625
0 0.34192708134651184 0.46875 0.01666666753590107 0.05972222238779068
0 0.3427083194255829 0.5386574268341064 0.015625 0.06157407537102699
0 0.3220052123069763 0.5375000238418579 0.01692708395421505 0.06574074178934097
0 0.32213541865348816 0.4625000059604645 0.015104166232049465 0.06018518656492233
0 0.3033854067325592 0.46296295523643494 0.01666666753590107 0.05925925821065903
0 0.30156248807907104 0.5368055701255798 0.01718750037252903 0.06527777761220932
0 0.28268229961395264 0.5375000238418579 0.01536458358168602 0.05833333358168602
0 0.2834635376930237 0.46736112236976624 0.01536458358168602 0.06064814701676369
0 0.2632812559604645 0.4659722149372101 0.01614583283662796 0.05787036940455437
0 0.2634114623069763 0.5386574268341064 0.01692708395421505 0.05787036940455437
0 0.24335937201976776 0.5384259223937988 0.01744791679084301 0.06296296417713165
0 0.24140624701976776 0.47083333134651184 0.01406249962747097 0.04814814776182175
0 0.22447916865348816 0.46481481194496155 0.015625 0.05462963134050369
0 0.22408853471279144 0.5303241014480591 0.01588541641831398 0.06157407537102699
0 0.205078125 0.5335648059844971 0.01640624925494194 0.06157407537102699
0 0.20546874403953552 0.46319442987442017 0.01666666753590107 0.0634259283542633
0 0.18697915971279144 0.47013887763023376 0.015625 0.05416666716337204
0 0.18502603471279144 0.5384259223937988 0.01744791679084301 0.06574074178934097
0 0.16510416567325592 0.5340277552604675 0.01614583283662796 0.05509259179234505
0 0.16783854365348816 0.46759259700775146 0.01744791679084301 0.06296296417713165
0 0.14622396230697632 0.46388888359069824 0.01588541641831398 0.05833333358168602
0 0.14661458134651184 0.5305555462837219 0.01666666753590107 0.06018518656492233
0 0.12747396528720856 0.5310184955596924 0.01692708395421505 0.06203703582286835
0 0.12682291865348816 0.46134260296821594 0.01718750037252903 0.06064814701676369
0 0.10911457985639572 0.4627314805984497 0.01614583283662796 0.05972222238779068
0 0.10924479365348816 0.5293981432914734 0.01744791679084301 0.05972222238779068
0 0.0865885391831398 0.5340277552604675 0.01901041716337204 0.06435184925794601
0 0.0891927108168602 0.4627314805984497 0.01744791679084301 0.05972222238779068
0 0.06757812201976776 0.44745370745658875 0.011197916232049465 0.04398148134350777
0 0.068359375 0.5266203880310059 0.01692708395421505 0.06527777761220932
0 0.09231770783662796 0.30000001192092896 0.01796874962747097 0.06296296417713165
0 0.09518229216337204 0.23425926268100739 0.01640624925494194 0.05648148059844971
0 0.11289062350988388 0.23564815521240234 0.01744791679084301 0.05833333358168602
0 0.11028645932674408 0.3048610985279083 0.01848958246409893 0.06064814701676369
0 0.13138021528720856 0.3048610985279083 0.01744791679084301 0.06620370596647263
0 0.13190104067325592 0.23101851344108582 0.01692708395421505 0.05462963134050369
0 0.15143229067325592 0.2335648089647293 0.01640624925494194 0.05879629775881767
0 0.15052083134651184 0.30000001192092896 0.01718750037252903 0.06111111119389534
0 0.17044271528720856 0.3013888895511627 0.01692708395421505 0.05740740895271301
0 0.17200520634651184 0.22847221791744232 0.01692708395421505 0.05509259179234505
0 0.18971353769302368 0.23587962985038757 0.014843749813735485 0.05972222238779068
0 0.1901041716337204 0.3071759343147278 0.01614583283662796 0.0486111119389534
0 0.20859375596046448 0.23055554926395416 0.01666666753590107 0.06296296417713165
0 0.20807291567325592 0.3090277910232544 0.01614583283662796 0.05694444477558136
0 0.22903646528720856 0.23125000298023224 0.01692708395421505 0.06435184925794601
0 0.2259114533662796 0.30162036418914795 0.014843749813735485 0.0634259283542633
0 0.24726562201976776 0.22499999403953552 0.014843749813735485 0.051851850003004074
0 0.24648436903953552 0.3020833432674408 0.01692708395421505 0.05972222238779068
0 0.2662760317325592 0.22893518209457397 0.014843749813735485 0.05416666716337204
0 0.2658854126930237 0.30069443583488464 0.01666666753590107 0.0634259283542633
0 0.28658854961395264 0.23194444179534912 0.01588541641831398 0.06111111119389534
0 0.2858072817325592 0.3013888895511627 0.01588541641831398 0.05648148059844971
0 0.3050781190395355 0.3081018626689911 0.01588541641831398 0.05879629775881767
0 0.32604166865348816 0.23333333432674408 0.01614583283662796 0.05925925821065903
0 0.32473957538604736 0.3064814805984497 0.01770833320915699 0.06574074178934097
0 0.3446614444255829 0.30347222089767456 0.014843749813735485 0.05879629775881767
0 0.3447916805744171 0.23333333432674408 0.014583333395421505 0.05740740895271301
0 0.3645833432674408 0.23101851344108582 0.015104166232049465 0.05925925821065903
0 0.36328125 0.30671295523643494 0.014583333395421505 0.05694444477558136
0 0.3841145932674408 0.31203705072402954 0.015104166232049465 0.05370370298624039
0 0.3832031190395355 0.23587962985038757 0.014843749813735485 0.05601852014660835
0 0.40416666865348816 0.23981481790542603 0.01614583283662796 0.06111111119389534
0 0.4036458432674408 0.3083333373069763 0.01666666753590107 0.06851851940155029
0 0.4227864444255829 0.30578702688217163 0.01588541641831398 0.06064814701676369
0 0.42369791865348816 0.23935185372829437 0.01666666753590107 0.06203703582286835
0 0.4453125 0.23634259402751923 0.014583333395421505 0.05879629775881767
0 0.46106770634651184 0.307407408952713 0.014843749813735485 0.06018518656492233
0 0.4644531309604645 0.23449073731899261 0.014843749813735485 0.05787036940455437
0 0.48255208134651184 0.23541666567325592 0.015104166232049465 0.05787036940455437
0 0.48124998807907104 0.3020833432674408 0.015104166232049465 0.05972222238779068
0 0.501953125 0.2421296238899231 0.01536458358168602 0.05833333358168602
0 0.5210937261581421 0.3092592656612396 0.015625 0.06203703582286835
0 0.5213541388511658 0.2430555522441864 0.01406249962747097 0.0555555559694767
0 0.5420572757720947 0.24004629254341125 0.01640624925494194 0.06064814701676369
0 0.541796863079071 0.31481480598449707 0.01640624925494194 0.05833333358168602
0 0.005598958116024733 0.22268518805503845 0.011197916232049465 0.06203703582286835
